2018-03-13T00:00:00.000-0700	 13,818,690 	2018-03-20T00:00:00.000-0700	 13,917,979 
2018-03-13T00:15:00.000-0700	 13,813,018 	2018-03-20T00:15:00.000-0700	 13,912,375 
2018-03-13T00:30:00.000-0700	 13,811,368 	2018-03-20T00:30:00.000-0700	 13,909,903 
2018-03-13T00:45:00.000-0700	 13,809,284 	2018-03-20T00:45:00.000-0700	 13,906,920 
2018-03-13T01:00:00.000-0700	 13,812,635 	2018-03-20T01:00:00.000-0700	 13,906,363 
2018-03-13T01:15:00.000-0700	 13,817,795 	2018-03-20T01:15:00.000-0700	 13,907,088 
2018-03-13T01:30:00.000-0700	 13,824,491 	2018-03-20T01:30:00.000-0700	 13,913,565 
2018-03-13T01:45:00.000-0700	 13,832,439 	2018-03-20T01:45:00.000-0700	 13,921,542 
2018-03-13T02:00:00.000-0700	 13,841,927 	2018-03-20T02:00:00.000-0700	 13,929,554 
2018-03-13T02:15:00.000-0700	 13,856,377 	2018-03-20T02:15:00.000-0700	 13,944,468 
2018-03-13T02:30:00.000-0700	 13,876,271 	2018-03-20T02:30:00.000-0700	 13,964,816 
2018-03-13T02:45:00.000-0700	 13,897,032 	2018-03-20T02:45:00.000-0700	 13,984,752 
2018-03-13T03:00:00.000-0700	 13,920,126 	2018-03-20T03:00:00.000-0700	 14,007,538 
2018-03-13T03:15:00.000-0700	 13,957,137 	2018-03-20T03:15:00.000-0700	 14,047,435 
2018-03-13T03:30:00.000-0700	 14,003,391 	2018-03-20T03:30:00.000-0700	 14,098,252 
2018-03-13T03:45:00.000-0700	 14,053,642 	2018-03-20T03:45:00.000-0700	 14,152,589 
2018-03-13T04:00:00.000-0700	 14,100,900 	2018-03-20T04:00:00.000-0700	 14,205,356 
2018-03-13T04:15:00.000-0700	 14,170,361 	2018-03-20T04:15:00.000-0700	 14,284,619 
2018-03-13T04:30:00.000-0700	 14,238,721 	2018-03-20T04:30:00.000-0700	 14,361,509 
2018-03-13T04:45:00.000-0700	 14,295,861 	2018-03-20T04:45:00.000-0700	 14,424,957 
2018-03-13T05:00:00.000-0700	 14,312,279 	2018-03-20T05:00:00.000-0700	 14,446,521 
2018-03-13T05:15:00.000-0700	 14,349,408 	2018-03-20T05:15:00.000-0700	 14,491,207 
2018-03-13T05:30:00.000-0700	 14,383,655 	2018-03-20T05:30:00.000-0700	 14,533,557 
2018-03-13T05:45:00.000-0700	 14,412,427 	2018-03-20T05:45:00.000-0700	 14,564,794 
2018-03-13T06:00:00.000-0700	 14,392,150 	2018-03-20T06:00:00.000-0700	 14,538,059 
2018-03-13T06:15:00.000-0700	 14,392,171 	2018-03-20T06:15:00.000-0700	 14,532,854 
2018-03-13T06:30:00.000-0700	 14,400,704 	2018-03-20T06:30:00.000-0700	 14,536,816 
2018-03-13T06:45:00.000-0700	 14,420,590 	2018-03-20T06:45:00.000-0700	 14,554,482 
2018-03-13T07:00:00.000-0700	 14,418,304 	2018-03-20T07:00:00.000-0700	 14,549,824 
2018-03-13T07:15:00.000-0700	 14,451,604 	2018-03-20T07:15:00.000-0700	 14,568,138 
2018-03-13T07:30:00.000-0700	 14,483,466 	2018-03-20T07:30:00.000-0700	 14,591,556 
2018-03-13T07:45:00.000-0700	 14,511,818 	2018-03-20T07:45:00.000-0700	 14,619,703 
2018-03-13T08:00:00.000-0700	 14,514,389 	2018-03-20T08:00:00.000-0700	 14,621,378 
2018-03-13T08:15:00.000-0700	 14,525,833 	2018-03-20T08:15:00.000-0700	 14,634,829 
2018-03-13T08:30:00.000-0700	 14,538,558 	2018-03-20T08:30:00.000-0700	 14,650,172 
2018-03-13T08:45:00.000-0700	 14,556,570 	2018-03-20T08:45:00.000-0700	 14,670,412 
2018-03-13T09:00:00.000-0700	 14,566,272 	2018-03-20T09:00:00.000-0700	 14,679,724 
2018-03-13T09:15:00.000-0700	 14,576,651 	2018-03-20T09:15:00.000-0700	 14,690,938 
2018-03-13T09:30:00.000-0700	 14,583,815 	2018-03-20T09:30:00.000-0700	 14,698,617 
2018-03-13T09:45:00.000-0700	 14,594,137 	2018-03-20T09:45:00.000-0700	 14,710,670 
2018-03-13T10:00:00.000-0700	 14,595,184 	2018-03-20T10:00:00.000-0700	 14,713,950 
2018-03-13T10:15:00.000-0700	 14,598,284 	2018-03-20T10:15:00.000-0700	 14,717,001 
2018-03-13T10:30:00.000-0700	 14,600,125 	2018-03-20T10:30:00.000-0700	 14,720,183 
2018-03-13T10:45:00.000-0700	 14,607,801 	2018-03-20T10:45:00.000-0700	 14,729,327 
2018-03-13T11:00:00.000-0700	 14,604,474 	2018-03-20T11:00:00.000-0700	 14,733,164 
2018-03-13T11:15:00.000-0700	 14,611,914 	2018-03-20T11:15:00.000-0700	 14,742,631 
2018-03-13T11:30:00.000-0700	 14,621,845 	2018-03-20T11:30:00.000-0700	 14,755,757 
2018-03-13T11:45:00.000-0700	 14,633,627 	2018-03-20T11:45:00.000-0700	 14,770,488 
2018-03-13T12:00:00.000-0700	 14,644,392 	2018-03-20T12:00:00.000-0700	 14,779,778 
2018-03-13T12:15:00.000-0700	 14,654,769 	2018-03-20T12:15:00.000-0700	 14,790,964 
2018-03-13T12:30:00.000-0700	 14,664,797 	2018-03-20T12:30:00.000-0700	 14,802,096 
2018-03-13T12:45:00.000-0700	 14,672,136 	2018-03-20T12:45:00.000-0700	 14,813,099 
2018-03-13T13:00:00.000-0700	 14,681,718 	2018-03-20T13:00:00.000-0700	 14,823,364 
2018-03-13T13:15:00.000-0700	 14,690,371 	2018-03-20T13:15:00.000-0700	 14,835,587 
2018-03-13T13:30:00.000-0700	 14,696,403 	2018-03-20T13:30:00.000-0700	 14,846,777 
2018-03-13T13:45:00.000-0700	 14,705,564 	2018-03-20T13:45:00.000-0700	 14,852,790 
2018-03-13T14:00:00.000-0700	 14,721,118 	2018-03-20T14:00:00.000-0700	 14,869,290 
2018-03-13T14:15:00.000-0700	 14,738,826 	2018-03-20T14:15:00.000-0700	 14,885,186 
2018-03-13T14:30:00.000-0700	 14,731,697 	2018-03-20T14:30:00.000-0700	 14,876,773 
2018-03-13T14:45:00.000-0700	 14,719,470 	2018-03-20T14:45:00.000-0700	 14,860,494 
2018-03-13T15:00:00.000-0700	 14,704,139 	2018-03-20T15:00:00.000-0700	 14,842,620 
2018-03-13T15:15:00.000-0700	 14,685,337 	2018-03-20T15:15:00.000-0700	 14,823,450 
2018-03-13T15:30:00.000-0700	 14,645,294 	2018-03-20T15:30:00.000-0700	 14,780,912 
2018-03-13T15:45:00.000-0700	 14,607,462 	2018-03-20T15:45:00.000-0700	 14,737,322 
2018-03-13T16:00:00.000-0700	 14,568,062 	2018-03-20T16:00:00.000-0700	 14,693,628 
2018-03-13T16:15:00.000-0700	 14,535,837 	2018-03-20T16:15:00.000-0700	 14,658,902 
2018-03-13T16:30:00.000-0700	 14,499,099 	2018-03-20T16:30:00.000-0700	 14,620,696 
2018-03-13T16:45:00.000-0700	 14,466,471 	2018-03-20T16:45:00.000-0700	 14,586,014 
2018-03-13T17:00:00.000-0700	 14,436,228 	2018-03-20T17:00:00.000-0700	 14,556,801 
2018-03-13T17:15:00.000-0700	 14,410,002 	2018-03-20T17:15:00.000-0700	 14,528,244 
2018-03-13T17:30:00.000-0700	 14,375,244 	2018-03-20T17:30:00.000-0700	 14,491,690 
2018-03-13T17:45:00.000-0700	 14,340,198 	2018-03-20T17:45:00.000-0700	 14,454,911 
2018-03-13T18:00:00.000-0700	 14,305,123 	2018-03-20T18:00:00.000-0700	 14,421,154 
2018-03-13T18:15:00.000-0700	 14,272,041 	2018-03-20T18:15:00.000-0700	 14,388,304 
2018-03-13T18:30:00.000-0700	 14,233,715 	2018-03-20T18:30:00.000-0700	 14,349,087 
2018-03-13T18:45:00.000-0700	 14,196,656 	2018-03-20T18:45:00.000-0700	 14,313,941 
2018-03-13T19:00:00.000-0700	 14,166,131 	2018-03-20T19:00:00.000-0700	 14,284,081 
2018-03-13T19:15:00.000-0700	 14,135,843 	2018-03-20T19:15:00.000-0700	 14,254,767 
2018-03-13T19:30:00.000-0700	 14,103,971 	2018-03-20T19:30:00.000-0700	 14,224,472 
2018-03-13T19:45:00.000-0700	 14,071,736 	2018-03-20T19:45:00.000-0700	 14,195,351 
2018-03-13T20:00:00.000-0700	 14,047,402 	2018-03-20T20:00:00.000-0700	 14,169,872 
2018-03-13T20:15:00.000-0700	 14,024,038 	2018-03-20T20:15:00.000-0700	 14,145,837 
2018-03-13T20:30:00.000-0700	 14,000,105 	2018-03-20T20:30:00.000-0700	 14,122,206 
2018-03-13T20:45:00.000-0700	 13,975,773 	2018-03-20T20:45:00.000-0700	 14,100,321 
2018-03-13T21:00:00.000-0700	 13,958,254 	2018-03-20T21:00:00.000-0700	 14,082,993 
2018-03-13T21:15:00.000-0700	 13,938,722 	2018-03-20T21:15:00.000-0700	 14,065,935 
2018-03-13T21:30:00.000-0700	 13,919,128 	2018-03-20T21:30:00.000-0700	 14,047,926 
2018-03-13T21:45:00.000-0700	 13,902,395 	2018-03-20T21:45:00.000-0700	 14,032,349 
2018-03-13T22:00:00.000-0700	 13,889,156 	2018-03-20T22:00:00.000-0700	 14,018,586 
2018-03-13T22:15:00.000-0700	 13,875,131 	2018-03-20T22:15:00.000-0700	 14,006,414 
2018-03-13T22:30:00.000-0700	 13,862,068 	2018-03-20T22:30:00.000-0700	 13,995,208 
2018-03-13T22:45:00.000-0700	 13,851,741 	2018-03-20T22:45:00.000-0700	 13,984,908 
2018-03-13T23:00:00.000-0700	 13,843,802 	2018-03-20T23:00:00.000-0700	 13,976,940 
2018-03-13T23:15:00.000-0700	 13,835,443 	2018-03-20T23:15:00.000-0700	 13,968,452 
2018-03-13T23:30:00.000-0700	 13,829,307 	2018-03-20T23:30:00.000-0700	 13,962,312 
2018-03-13T23:45:00.000-0700	 13,823,391 	2018-03-20T23:45:00.000-0700	 13,956,078 